value:17
intersections: 0
intersections:0
intersections: 0
[17]
[[(6, 2, 0), (6, 5, 0)], [(1, 5, 0), (4, 4, 0)], [(4, 4, 0), (3, 1, 0)], [(6, 2, 0), (3, 1, 0)], [(1, 5, 0), (6, 5, 0)]]
5
5
value:17
intersections: 0
intersections:0
intersections: 0
            net                                              wires
0        (4, 2)       [(6, 2, 0), (6, 3, 0), (6, 4, 0), (6, 5, 0)]
1        (1, 3)  [(1, 5, 0), (1, 4, 0), (2, 4, 0), (3, 4, 0), (...
2        (3, 5)  [(4, 4, 0), (4, 3, 0), (3, 3, 0), (3, 2, 0), (...
3        (4, 5)  [(6, 2, 0), (5, 2, 0), (4, 2, 0), (4, 1, 0), (...
4        (1, 2)  [(1, 5, 0), (2, 5, 0), (3, 5, 0), (3, 5, 1), (...
5  chip_0_net_1                                                 17
